1 0 1 0 1 0 1 1 1 1 1 1 0 0 1 0 1 0 0 0 0 1 0 0 1 1 1 1 1 0 0 1 1 1 1 0 0 0 1 1 0 1 1 0 0 1 0 1 1 1 1 1 0 1 1 1 0 0 1 1 1 0 1 1 1 1 0 0 1 0 1 0 0 0 1 1 0 1 1 0 1 0 1 0 1 0 0 1 1 1 1 1 1 0 1 1 1 0 1 0 0 0 0 1 1 1 1 0 0 1 0 1 1 0 1 0 1 0 1 0 0 0 1 0 0 0 1 0 0 1 1 1
95.60
1 0 1 0 1 0 1 1 1 1 1 1 0 0 1 0 1 0 0 0 0 1 0 1 1 1 1 1 1 0 0 1 1 1 1 0 0 0 1 1 0 1 1 0 0 1 0 1 1 1 1 1 0 1 0 1 0 0 1 1 1 0 1 1 0 1 0 0 1 0 1 0 0 0 1 1 0 1 1 0 1 0 1 0 1 0 0 1 1 1 1 1 1 0 1 1 1 0 1 0 0 0 0 1 0 1 1 0 0 1 0 1 1 0 1 0 1 0 1 0 0 0 1 0 0 0 1 0 0 1 1 1
95.80
1 1 1 0 1 1 1 1 1 0 1 1 0 0 1 0 1 0 0 0 1 1 0 0 0 1 1 1 1 0 0 0 1 1 1 0 0 0 0 1 0 0 1 0 0 1 0 0 1 0 1 1 0 1 0 1 0 0 1 1 1 0 1 1 1 1 0 0 1 0 1 1 0 0 1 1 0 1 0 0 1 0 1 0 1 0 0 1 1 1 1 1 1 0 1 1 1 1 1 0 0 0 0 1 1 1 1 0 0 1 0 1 1 0 1 0 1 0 1 0 0 0 1 0 0 1 1 0 0 1 1 1
95.80
1 1 1 0 1 1 1 1 1 0 1 1 0 0 0 0 1 0 0 0 1 1 0 0 1 1 1 1 1 0 0 0 1 1 0 0 0 0 0 1 0 0 1 0 0 1 0 0 1 0 1 1 0 0 0 1 1 0 1 1 1 0 1 1 1 1 0 0 1 0 1 1 0 0 1 1 0 1 0 0 1 0 1 0 1 0 0 1 1 1 1 1 1 0 1 1 1 1 1 0 0 0 0 1 1 1 1 0 0 1 0 0 1 0 1 0 1 0 1 0 0 0 1 0 0 1 1 0 0 1 1 1
96.10
1 1 0 0 1 1 1 1 1 0 1 1 0 0 0 0 1 0 0 0 1 1 0 0 1 1 1 1 1 0 0 0 1 1 0 0 0 0 0 1 0 0 1 0 0 1 0 0 1 0 1 0 0 0 0 1 1 0 1 1 1 0 1 1 1 1 0 0 1 0 1 1 0 0 1 1 0 1 1 0 1 0 1 0 1 0 0 1 1 1 1 1 1 0 1 1 1 1 1 0 0 0 0 1 1 1 1 0 0 1 0 0 1 0 1 0 1 0 1 0 0 0 1 0 0 0 1 0 0 1 1 1
96.30
1 1 1 0 1 1 1 1 0 0 1 1 0 0 1 0 1 0 1 0 1 1 0 0 1 1 1 1 1 0 0 0 1 1 1 0 0 0 0 1 0 0 1 0 0 1 0 0 1 0 1 0 0 0 0 1 1 0 1 1 1 0 1 1 1 1 0 0 1 0 1 1 0 0 1 0 0 1 1 0 1 0 1 0 1 0 0 1 1 1 1 1 1 0 1 1 1 1 1 0 0 0 0 1 1 1 1 0 0 1 0 1 1 0 1 0 1 0 1 0 0 0 1 0 0 0 0 0 0 1 1 1
96.50
1 1 1 0 1 1 1 1 1 0 1 1 0 0 1 0 0 0 1 0 1 1 0 0 1 1 1 1 1 0 0 0 1 1 1 0 0 0 0 1 0 0 1 0 0 1 0 0 1 1 1 0 0 0 0 1 1 0 1 1 1 0 1 1 1 1 0 0 1 0 1 1 0 0 1 0 0 1 1 0 1 0 1 0 1 0 0 1 1 1 0 1 1 0 1 0 1 1 1 0 0 0 0 1 1 1 1 0 0 1 0 1 1 0 1 0 1 1 1 0 0 0 1 0 0 0 1 0 0 1 1 1
96.60
0 0 1 0 1 1 1 0 1 0 1 0 0 0 1 0 0 1 0 0 1 1 0 0 1 1 1 1 1 0 1 0 1 1 1 0 0 0 0 1 0 0 1 0 1 1 0 0 1 1 0 0 0 0 0 1 1 0 1 0 1 0 0 1 1 1 1 0 1 1 1 1 0 0 1 0 0 1 1 0 1 1 1 0 1 0 0 1 0 1 0 1 1 0 1 0 1 0 1 0 0 0 1 1 1 1 1 0 1 1 0 0 1 0 1 1 0 1 0 0 0 0 1 0 0 0 1 0 0 0 0 1 
96.70
