0.172102
0.189963
0.193268
0.200308
0.204362
0.205582
0.207638
0.210288
0.214541
0.215912
0.221421
0.222383
0.223145
0.223812
0.225468
0.227927
0.228260
0.231915
0.237132
0.239003
0.240941
0.240970
0.241064
0.241833
0.245899
0.245997
0.249358
0.249636
0.251538
0.251684
0.254371
0.254728
0.255151
0.258412
0.258608
0.260983
0.261190
0.261213
0.263295
0.263727
0.264271
0.264718
0.266667
0.266697
0.266858
0.267319
0.268019
0.268384
0.270181
0.270233
0.270855
0.271681
0.271827
0.272779
0.273170
0.273453
0.275853
0.276424
0.277320
0.277924
0.278113
0.280001
0.280157
0.281166
0.281676
0.282728
0.283275
0.283518
0.284017
0.284405
0.285439
0.285832
0.286146
0.287828
0.287883
0.287971
0.288048
0.288135
0.288292
0.288456
0.288466
0.288833
0.289134
0.289692
0.291031
0.293414
0.293590
0.294339
0.296706
0.297076
0.297512
0.298131
0.298471
0.298799
0.299951
0.301664
0.303480
0.304817
0.304839
0.305339
0.306280
0.306330
0.306875
0.306905
0.307385
0.307528
0.307736
0.308202
0.308683
0.309717
0.310093
0.310118
0.310300
0.310625
0.311418
0.312499
0.312733
0.313195
0.314352
0.314491
0.314516
0.314604
0.315008
0.315354
0.316107
0.316288
0.316482
0.316562
0.316614
0.316742
0.317318
0.317400
0.317527
0.317604
0.317650
0.317981
0.318068
0.318451
0.318513
0.318588
0.318809
0.319102
0.319206
0.320637
0.321340
0.321634
0.322431
0.323045
0.323860
0.324085
0.324198
0.324621
0.325109
0.325204
0.325330
0.325358
0.325813
0.325844
0.327393
0.327518
0.327614
0.327665
0.328425
0.328763
0.328894
0.329381
0.330200
0.330660
0.331230
0.331289
0.331712
0.332326
0.332409
0.332462
0.332721
0.333370
0.333479
0.333534
0.333730
0.333765
0.333872
0.333905
0.334348
0.334425
0.334671
0.334713
0.334798
0.335135
0.335789
0.336172
0.336245
0.337348
0.337400
0.337453
0.337726
0.337844
0.337964
0.338521
0.338525
0.339731
0.339938
0.341163
0.341552
0.342110
0.342186
0.342559
0.342638
0.342902
0.342927
0.343270
0.343398
0.343535
0.344084
0.344127
0.344482
0.344856
0.344986
0.345382
0.345565
0.345658
0.345775
0.345802
0.345812
0.345847
0.345887
0.346585
0.346637
0.346930
0.347316
0.347501
0.347559
0.347688
0.347768
0.348164
0.349712
0.349808
0.349991
0.350393
0.350720
0.350924
0.351604
0.351653
0.351749
0.352343
0.352447
0.352746
0.353402
0.354406
0.354885
0.355347
0.355387
0.355504
0.355697
0.356035
0.356132
0.356181
0.356494
0.356576
0.356595
0.356637
0.356685
0.357426
0.357566
0.357888
0.358033
0.358208
0.358252
0.358513
0.358602
0.359634
0.359756
0.360625
0.360672
0.361486
0.361546
0.362147
0.363065
0.363553
0.364068
0.364592
0.364931
0.365057
0.365135
0.365459
0.365672
0.365945
0.366281
0.367305
0.367341
0.367643
0.367820
0.368047
0.368412
0.368789
0.369025
0.369330
0.369874
0.370268
0.370351
0.370416
0.371035
0.371115
0.371373
0.371458
0.371613
0.372582
0.372983
0.373067
0.373705
0.374286
0.374321
0.374471
0.375586
0.375905
0.376410
0.376879
0.376894
0.377011
0.377213
0.377513
0.377796
0.377797
0.377929
0.378039
0.378155
0.379363
0.380182
0.380238
0.380483
0.381275
0.381307
0.381619
0.381884
0.382036
0.382684
0.382771
0.382775
0.382973
0.383475
0.384065
0.384534
0.384922
0.385188
0.385290
0.385373
0.385395
0.385669
0.386289
0.386385
0.386709
0.387022
0.387139
0.387378
0.387456
0.387528
0.387627
0.387699
0.387843
0.388424
0.388439
0.388704
0.388926
0.389256
0.389508
0.389820
0.390374
0.390544
0.390566
0.391052
0.391465
0.391684
0.391756
0.392033
0.392057
0.392170
0.392214
0.392494
0.392675
0.392730
0.392730
0.393818
0.394086
0.394115
0.394168
0.394467
0.394513
0.395256
0.395641
0.395703
0.395728
0.396043
0.396497
0.397290
0.397626
0.398219
0.398417
0.398486
0.398567
0.398571
0.399118
0.399539
0.399706
0.400074
0.400448
0.400687
0.400794
0.401140
0.401181
0.401298
0.401299
0.401304
0.401405
0.401504
0.401830
0.401950
0.401966
0.402427
0.402811
0.402961
0.403059
0.403512
0.403532
0.403679
0.403874
0.403905
0.404351
0.404696
0.404928
0.405089
0.405265
0.405369
0.405554
0.405594
0.405644
0.406339
0.406393
0.406449
0.406471
0.406506
0.406532
0.407235
0.407341
0.407358
0.407531
0.407636
0.408142
0.408321
0.408379
0.408497
0.408518
0.408587
0.408592
0.408787
0.409238
0.409276
0.409658
0.409734
0.410005
0.410777
0.410973
0.411126
0.411224
0.411227
0.411243
0.411280
0.411303
0.411490
0.411903
0.412152
0.412173
0.412478
0.412545
0.412579
0.412840
0.412856
0.413022
0.413505
0.414548
0.415285
0.415735
0.416150
0.416533
0.416606
0.416848
0.416885
0.417590
0.417593
0.417654
0.417773
0.417865
0.417994
0.418369
0.418630
0.419014
0.419105
0.419153
0.419185
0.419467
0.419647
0.420251
0.420501
0.421056
0.421085
0.422010
0.422012
0.422583
0.422601
0.422605
0.422859
0.422887
0.422961
0.423072
0.423271
0.423621
0.423911
0.423945
0.424336
0.424441
0.425147
0.425400
0.425517
0.425534
0.425541
0.425551
0.425818
0.425917
0.426191
0.426225
0.426419
0.426545
0.426921
0.426950
0.427242
0.427444
0.427506
0.427938
0.427974
0.428013
0.428079
0.428169
0.428239
0.428430
0.428463
0.428534
0.428713
0.428924
0.428989
0.429125
0.429306
0.429532
0.429758
0.429763
0.429767
0.429964
0.429976
0.430643
0.431696
0.431717
0.431984
0.432349
0.432350
0.432982
0.433000
0.433043
0.433231
0.433335
0.433516
0.433520
0.433525
0.433538
0.433649
0.434672
0.434696
0.434866
0.435471
0.435483
0.435568
0.435870
0.435974
0.436260
0.436350
0.436520
0.436658
0.436892
0.437085
0.437085
0.437092
0.437332
0.437362
0.437396
0.437409
0.437893
0.438355
0.438432
0.438588
0.438669
0.438673
0.438682
0.438705
0.438732
0.438738
0.438786
0.438985
0.439004
0.439475
0.439498
0.440167
0.440252
0.440701
0.440782
0.440998
0.441147
0.441956
0.441966
0.442107
0.442807
0.442890
0.443092
0.443185
0.443322
0.443637
0.443657
0.443738
0.444093
0.444181
0.444453
0.444603
0.444890
0.445352
0.445367
0.445428
0.445453
0.445792
0.446004
0.446317
0.446938
0.447123
0.447570
0.447640
0.448226
0.448411
0.448579
0.448720
0.449128
0.449554
0.449681
0.449818
0.450334
0.450531
0.450915
0.450934
0.450987
0.451670
0.451970
0.452243
0.452583
0.452734
0.452778
0.453150
0.453174
0.453696
0.454518
0.454584
0.455000
0.455004
0.455069
0.455839
0.455929
0.456787
0.456952
0.456967
0.458039
0.458043
0.458272
0.458613
0.458637
0.458924
0.459221
0.459481
0.459880
0.460102
0.460652
0.460943
0.461129
0.461481
0.461730
0.461813
0.461833
0.462524
0.462661
0.463058
0.463442
0.464046
0.464151
0.464455
0.465099
0.465101
0.465265
0.465285
0.465479
0.465688
0.465758
0.465952
0.465958
0.466047
0.466462
0.466670
0.466691
0.466931
0.467015
0.467136
0.467469
0.468463
0.468476
0.468803
0.468943
0.469330
0.470260
0.471185
0.471390
0.472109
0.472161
0.472790
0.472903
0.472951
0.473174
0.473307
0.473677
0.473787
0.474110
0.474435
0.474538
0.474801
0.475452
0.475967
0.477248
0.477528
0.477705
0.477996
0.478517
0.478760
0.479076
0.479812
0.480538
0.480762
0.481736
0.481935
0.481998
0.482510
0.482688
0.482693
0.483003
0.483246
0.484109
0.484490
0.484962
0.485233
0.485884
0.486412
0.486458
0.486685
0.487478
0.488382
0.488632
0.488708
0.488873
0.489306
0.489497
0.490424
0.491254
0.491996
0.492318
0.493511
0.493712
0.493744
0.494219
0.494707
0.495390
0.495727
0.496326
0.496618
0.497187
0.497424
0.497512
0.498686
0.499258
0.499761
0.500125
0.500859
0.501182
0.501884
0.502375
0.503160
0.503391
0.503581
0.504030
0.504848
0.504906
0.504941
0.505009
0.505237
0.505653
0.506462
0.506996
0.507870
0.509273
0.509702
0.510275
0.510399
0.510429
0.510849
0.511427
0.511606
0.512247
0.512360
0.512554
0.513007
0.514329
0.514551
0.514967
0.516038
0.516496
0.516759
0.517113
0.517201
0.517386
0.517698
0.517823
0.518602
0.519001
0.519248
0.520192
0.520750
0.522082
0.522550
0.523244
0.523535
0.524202
0.524507
0.525039
0.525052
0.525140
0.525552
0.525565
0.526527
0.526936
0.528336
0.528483
0.529101
0.529109
0.530268
0.530512
0.531126
0.531333
0.531773
0.532359
0.532389
0.532649
0.533099
0.534680
0.535657
0.536020
0.537003
0.538239
0.538397
0.538494
0.538550
0.540222
0.540548
0.541366
0.541701
0.543048
0.543794
0.544607
0.545124
0.547071
0.547228
0.547415
0.547981
0.549769
0.550315
0.550319
0.550400
0.551183
0.552736
0.553945
0.554754
0.556266
0.556346
0.557201
0.557316
0.557482
0.557992
0.560742
0.561606
0.562285
0.562893
0.563217
0.564978
0.567354
0.570811
0.571654
0.571692
0.573058
0.576389
0.579412
0.581111
0.582456
0.585631
0.585841
0.586761
0.591696
0.592724
0.593794
0.597599
0.597788
0.598755
0.609939
0.611444
0.611534
0.612656
0.613427
0.627870
0.628695
0.629097
0.635034
0.639595
0.639731
0.639748
0.641271
0.642968
0.649104
0.649209
0.657258
0.659363
0.659576
0.674482
0.676167
0.681255
0.684216
0.687395
0.695226
0.698184
0.711757
0.716487
0.726209
0.727666
0.740102
0.747975
0.750949
0.770628
0.776674
0.782036
0.788125
0.795220
0.801257
0.818383
0.824873
0.825849
0.829106
0.831748
0.837516
0.839135
0.842011
0.854177
0.857783
0.875474
0.878642
0.883077
0.893099
0.934856
1.006033
1.025822
1.027738
1.030844
1.033679
1.034704
1.038984
1.039557
1.042048
1.053126
1.061715
1.068987
1.072440
1.072859
1.073228
1.076939
1.081119
1.082057
1.086309
1.090914
1.092082
1.096709
1.100734
1.106176
1.112125
1.113179
1.113663
1.124026
1.189868
